0 0 1
0 1 1
0 2 1
0 3 1
0 4 1
0 5 1
0 6 1
0 7 1
0 8 1
0 9 1
0 10 1
0 11 1
1 0 1
1 11 1
2 0 1
2 11 1
3 0 1
3 3 1
3 4 1
3 7 1
3 8 1
3 11 1
4 0 1
4 3 1
4 4 1
4 7 1
4 8 1
4 11 1
5 0 1
5 11 1
6 0 1
6 11 1
7 0 1
7 7 3 100 10
7 11 1
8 0 1
8 6 3 90 10
8 11 1
9 0 1
9 5 3 80 10
9 11 1
10 0 1
10 11 1
11 0 1
11 3 3 100 10
11 5 2 120 20
11 11 1
12 0 1
12 10 2 200 20
12 11 1
13 0 1
13 3 1
13 4 1
13 7 1
13 8 1
13 11 1
14 0 1
14 3 1
14 4 1
14 7 1
14 8 1
14 11 1
15 0 1
15 11 1
16 0 1
16 11 1
17 0 1
17 1 1
17 2 1
17 3 1
17 4 1
17 5 1
17 6 1
17 7 1
17 8 1
17 9 1
17 10 1
17 11 1
